0
0
0
0
0
0
0
0
0
-0.214286
-0.178571
-0.142857
-0.114285
-0.0857135
-0.049999
-0.0142845
0.0571445
0.092859
0.128574
0.164288
0.200003
0.24286
0.285717
0.333337
0.380956
0.428575
-0.285715
-0.300001
-0.242857
-0.207143
-0.171428
-0.15
-0.128571
-0.0571419
-0.0357132
-0.0142845
0.0428587
0.0714303
0.0500016
0.0285729
-0.0285703
-0.049999
-0.0999993
-0.157143
-0.214286
-0.242857
-0.242857
-0.214286
-0.185714
-0.157143
-0.135714
-0.114285
-0.0952374
-0.0761896
-0.0571419
-0.0142845
0.0142871
0.0428587
0.0714303
0.114288
0.0857161
-0.0999993
-0.0999993
-0.0857135
-0.0666658
-0.047618
-0.0285703
-0.010713
0.00714421
0.0250015
0.0428587
0.0785732
0.114288
0.125002
0.135716
0.146431
0.157145
0.178574
0.200003
0.214288
0.228574
0.185717
-0.0999993
-0.242857
-0.328572
-0.314286
-0.285715
-0.271429
-0.228572
-0.214286
-0.2
-0.2
-0.228572
-0.228572
-0.235714
-0.242857
-0.242857
0
0
0
